
23053
24975
24748
21044
14637
22167
16354
20801
24971
9270
22584
22448
16296
13350
7432
22989
24801
14550
23343
24126
22911
17164
12618
20530
23864
24741
9474
24979
24746
14205
21927
7340
24891
14954
16387
22397
23034
24394
23636
22396
20788
22395
24003
10163
11877
22394
22784
22393
6667
20817
22521
23946
24006
22032
24435
22680
20004
23327
25075
22030
18633
23402
11213
8298
21458
21619
18637
23322
16630
24108
13539
24191
25068
10198
21906
25069
21223
24533
22265
16147
17759
12330
16053
18483
4927
18048
15305
17754
24442
23336
2821
13143
15303
21018
12140
23846
21579
14849
13528
24830
22868
24088
23085
24454
15339
23529
20681
16546
15900
23453
24592
21674
21546
12764
24835
24321
22012
22108
24836
24957
20827
7383
12246
23522
23521
21219
21282
24083
22862
12630
24954
24953
20614
21876
15336
7508
22194
3056
22486
25083
25014
23724
25017
22485
20034
25006
24229
21491
23539
15886
24095
23788
7765
8325
23441
24090
24357
16641
25001
9756
4553
22133
22306
14109
22544
13116
16889
20361
23966
20732
24227
20363
24158
14489
20161
14165
9569
17278
21191
20942
25030
23285
19334
14806
17209
7163
22461
12219
24400
23009
21195
21535
24791
13313
23970
24044
6161
10249
15898
17791
14901
15340
8635
24792
23973
24496
22124
24794
23809
22574
23797
24131
24661
8171
25021
18722
16661
24999
22676
21320
22677
24135
17046
24417
18726
21141
25026
24414
22078
15370
24136
23560
23898
25027
10687
24504
24993
13641
9136
25028
23897
24992
14443
13925
21329
4058
22562
24418
23222
24684
24683
13644
13738
15516
20202
24996
17786
14444
14220
22145
24297
23927
14477
23772
15364
23992
12008
12923
16417
19467
24759
22882
24758
21403
19602
17023
23572
17220
24755
24980
16871
19358
16701
24573
23778
8403
20126
24753
21647
22888
24727
