29309
28907
31036
29736
21954
28903
24948
25767
28908
30113
27708
21024
19702
27250
17273
30932
31035
27225
29403
25196
30522
17176
27137
31265
28739
31270
31263
31271
18032
29673
31264
31266
19239
29531
26912
31085
31071
26910
29553
24244
31274
30256
28947
31272
23918
23970
28446
26317
25635
12337
15766
30351
24573
26191
25195
20464
22721
15260
23939
25310
29747
25430
22955
29154
31213
30552
31031
30474
29696
30540
30520
31073
28711
31096
30871
30869
30204
31126
8376
31373
30349
21107
22240
29624
21485
24702
14025
29048
30144
29558
31219
30978
30865
20166
21487
30443
30985
31034
31212
27908
30620
30553
29965
30252
18520
30445
22453
